1
160
745
488
685
727
149
61
776
20
627
954
407
641
91
561
861
951
156
238
107
650
928
793
359
162
480
225
672
62
431
70
222
177
558
259
904
60
320
32
432
299
338
840
941
429
401
154
381
557
745
840
560
673
634
919
188
466
145
860
880
928
282
454
457
193
713
713
605
386
745
37
685
84
229
978
865
630
485
246
540
230
87
452
903
73
723
443
539
868
303
419
149
938
225
606
131
938
320
736
324
417
773
362
501
355
692
367
985
177
965
877
407
404
329
663
477
53
458
16
273
762
787
422
52
364
381
183
303
701
271
979
118
396
693
972
751
386
691
737
915
8
966
323
413
296
338
890
701
796
259
974
910
398
749
962
763
130
497
66
183
768
397
653
165
91
977
916
477
668
5
392
677
972
67
442
620
757
332
321
906
591
295
168
342
44
483
105
526
980
523
709
101
920
363
266
11
340
534
840
361
892
585
390
864
4
832
836
114
516
157
20
108
452
188
802
849
23
907
727
4
430
437
457
702
152
75
714
844
609
906
557
501
491
947
717
848
131
553
962
648
710
982
108
515
522
910
716
546
169
443
902
599
232
359
301
384
434
367
581
395
274
138
897
117
438
966
965
921
872
927
921
582
261
29
449
784
291
517
682
460
961
584
411
193
295
713
930
729
432
863
124
706
1
373
176
791
692
141
65
564
69
986
498
330
16
300
466
659
817
148
120
130
84
883
324
379
948
606
460
381
469
937
439
822
662
615
966
706
757
31
270
178
17
121
860
385
421
327
45
590
827
517
721
264
752
45
643
701
3
456
82
824
745
521
646
407
137
964
114
246
995
736
776
13
857
636
750
630
315
147
221
495
16
942
759
769
339
754
470
694
210
552
518
955
425
516
715
914
481
181
512
476
917
288
841
127
925
592
757
592
739
978
87
108
272
846
877
611
601
347
305
163
251
823
471
28
340
538
943
173
719
455
649
636
96
491
763
21
435
521
613
526
851
53
634
124
899
863
87
852
210
393
368
813
568
839
842
260
377
137
433
96
944
435
84
40
278
200
413
713
721
379
591
924
432
578
400
331
441
488
536
652
881
904
817
801
95
659
62
472
148
847
920
93
282
356
485
560
556
899
273
629
278
217
906
62
795
306
745
